name Ancestor 1
number of mutations 3
locations [48, 99, 91]
mutationto [3, 1, 4]
name Ancestor 2
number of mutations 5
locations [59, 69, 2, 37, 93]
mutationto [1, 4, 3, 3, 1]
name Ancestor 3
number of mutations 2
locations [33, 57]
mutationto [4, 4]
name Ancestor 4
number of mutations 4
locations [51, 85, 60, 75]
mutationto [1, 1, 4, 2]
name Ancestor 5
number of mutations 6
locations [14, 19, 89, 78, 7, 75]
mutationto [2, 1, 3, 2, 1, 2]
name Ancestor 6
number of mutations 4
locations [70, 62, 9, 4]
mutationto [2, 4, 1, 2]
name Ancestor 7
number of mutations 5
locations [26, 66, 53, 49, 17]
mutationto [3, 1, 3, 3, 3]
name Flareon
number of mutations 13
locations [8, 100, 14, 51, 49, 71, 22, 5, 93, 60, 63, 23, 36]
mutationto [1, 2, 1, 4, 2, 2, 2, 2, 4, 2, 3, 1, 2]
name Espeon
number of mutations 13
locations [93, 84, 89, 58, 42, 92, 13, 3, 51, 66, 47, 70, 46]
mutationto [4, 3, 4, 3, 3, 1, 3, 3, 3, 3, 4, 1, 2]
name Leafeon
number of mutations 11
locations [33, 58, 49, 82, 32, 7, 66, 55, 38, 17, 31]
mutationto [3, 1, 2, 1, 2, 3, 3, 1, 4, 2, 2]
name Jolteon
number of mutations 11
locations [41, 74, 90, 82, 99, 35, 81, 1, 71, 94, 86]
mutationto [1, 2, 2, 2, 2, 1, 1, 1, 1, 1, 1]
name Sylveon
number of mutations 16
locations [59, 100, 62, 90, 38, 97, 64, 8, 52, 60, 77, 2, 87, 49, 32, 84]
mutationto [2, 2, 1, 1, 3, 3, 2, 2, 3, 2, 1, 4, 4, 2, 1, 2]
name Umbreon
number of mutations 16
locations [86, 80, 29, 85, 35, 12, 73, 99, 71, 4, 44, 97, 45, 7, 53, 1]
mutationto [3, 3, 1, 3, 1, 3, 4, 3, 4, 3, 4, 4, 1, 1, 2, 1]
name Vaporeon
number of mutations 15
locations [34, 90, 22, 61, 79, 12, 62, 91, 99, 23, 92, 69, 1, 77, 89]
mutationto [4, 2, 4, 4, 3, 2, 4, 2, 3, 1, 3, 4, 2, 2, 3]
name Glaceon
number of mutations 15
locations [2, 11, 76, 26, 56, 32, 55, 96, 18, 12, 6, 67, 48, 15, 19]
mutationto [2, 2, 4, 2, 4, 2, 4, 4, 2, 3, 3, 3, 1, 4, 2]

Flareon
3,3,2,1,2,1,2,1,2,1,4,4,1,1,2,4,1,4,4,1,1,2,1,2,4,1,3,3,2,4,4,3,1,3,3,2,3,2,4,4,3,2,3,1,2,3,1,3,2,2,4,1,4,1,2,1,1,4,1,2,2,3,3,4,1,2,2,3,4,4,2,2,3,3,2,2,3,3,4,2,3,3,1,4,1,2,3,1,1,4,4,4,4,3,1,3,2,1,1,2

Espeon
3,3,3,1,3,1,2,4,2,1,4,4,3,3,2,4,1,4,4,1,1,1,4,2,4,1,3,3,2,4,4,3,1,3,3,1,3,2,4,4,3,3,3,1,2,2,4,3,1,2,3,1,4,1,2,1,1,3,1,4,2,3,4,4,1,3,2,3,4,1,3,2,3,3,2,2,3,3,4,2,3,3,1,3,1,2,3,1,4,4,4,1,4,3,1,3,2,1,1,4

Leafeon
3,3,2,1,3,1,3,4,2,1,4,4,1,2,2,4,2,4,1,1,1,1,4,2,4,1,3,3,2,4,2,2,3,3,3,1,3,4,4,4,3,2,3,1,2,3,1,3,2,2,2,1,4,1,1,1,1,1,1,3,2,3,4,4,1,3,2,3,4,4,3,2,3,3,2,2,3,2,4,2,3,1,1,4,4,2,3,1,3,4,4,4,1,3,1,3,2,1,1,4

Jolteon
1,3,2,1,3,1,1,4,2,1,4,4,1,2,2,4,1,4,1,1,1,1,4,2,4,1,3,3,2,4,4,3,1,3,1,1,3,2,4,4,1,2,3,1,2,3,1,3,1,2,2,1,4,1,2,1,1,4,1,3,2,3,4,4,1,2,2,3,4,4,1,2,3,2,2,2,3,2,4,2,1,2,1,4,4,1,3,1,3,2,4,4,1,1,1,3,2,1,2,4

Sylveon
3,4,2,2,3,1,2,2,1,1,4,4,1,3,2,4,1,4,4,1,1,1,4,2,4,1,3,3,2,4,4,1,4,3,3,1,2,3,4,4,3,2,3,1,2,3,1,3,2,2,2,3,4,1,2,1,4,4,2,2,2,1,4,2,1,2,2,3,1,2,3,2,3,3,4,2,1,3,4,2,3,3,1,2,4,2,4,1,1,1,4,4,4,3,1,3,3,1,1,2

Umbreon
1,1,2,3,3,1,1,4,1,1,4,3,1,3,2,4,1,4,4,1,1,1,4,2,4,1,3,3,1,4,4,3,4,3,1,1,2,2,4,4,3,2,3,4,1,3,1,3,1,2,2,1,2,1,2,1,4,4,4,3,2,4,4,4,1,2,2,3,1,2,4,2,4,3,4,2,3,3,4,3,3,3,1,4,3,3,3,1,1,4,4,4,4,3,1,3,4,1,3,4

Vaporeon
2,1,2,1,3,1,2,4,2,1,4,2,1,3,2,4,3,4,4,1,1,4,1,2,4,3,3,3,2,4,4,3,4,4,3,1,2,2,4,4,3,2,3,1,2,3,1,3,3,2,2,1,3,1,2,1,4,4,4,3,4,4,4,4,1,1,2,3,4,4,3,2,3,3,4,2,2,3,3,2,3,3,1,4,4,2,3,1,3,2,2,3,4,3,1,3,2,1,3,4

Glaceon
3,2,2,1,3,3,2,4,2,1,2,3,1,3,4,4,3,2,2,1,1,1,4,2,4,2,3,3,2,4,4,2,4,3,3,1,2,2,4,4,3,2,3,1,2,3,1,1,3,2,2,1,3,1,4,4,4,4,4,3,2,3,4,4,1,1,3,3,1,4,3,2,3,3,4,4,3,3,4,2,3,3,1,4,4,2,3,1,1,4,4,4,4,3,1,4,2,1,1,4
